301	448
302	65
303	10
304	196
305	34
306	332
307	210
308	4
309	3
310	13
311	182
312	11
313	93
314	44
315	67
316	34
317	14
318	113
319	170
320	6
321	203
322	34
323	60
324	161
325	24
326	46
327	11
328	8
329	35
330	60
331	213
332	254
333	65
334	9
335	66
336	12
337	93
338	4
339	10
340	69
341	78
342	20
343	258
344	5
345	38
346	105
347	152
348	5
349	73
350	68
351	48
352	246
353	122
354	359
355	45
356	17
357	270
358	51
359	28
360	151
361	9
362	39
363	16
364	35
365	35
366	99
367	189
368	61
369	13
370	336
371	17
372	49
373	33
374	204
375	80
376	102
377	39
378	98
379	16
380	7
381	28
382	22
383	146
384	51
385	85
386	19
387	85
388	51
389	194
390	132
391	178
392	104
393	71
394	17
395	213
396	59
397	27
398	145
399	102
400	125
401	300
402	80
403	21
404	142
405	38
406	13
407	67
408	115
409	22
410	65
411	27
412	123
413	69
414	39
415	136
416	42
417	75
418	115
419	15
420	33
421	83
422	152
423	21
424	171
425	162
426	198
427	50
428	118
429	11
430	6
431	128
432	28
433	13
434	347
435	117
436	173
437	72
438	173
439	219
440	54
441	17
442	93
443	102
444	17
445	62
446	162
447	16
448	46
449	67
450	292
601	5
602	84
603	16
604	8
605	72
606	14
607	11
608	27
609	30
610	6
611	49
612	17
613	43
614	30
615	12
616	41
617	68
618	27
619	21
620	9
621	51
622	59
623	38
624	18
625	27
626	12
627	28
628	26
629	19
630	4
631	115
632	71
633	47
634	11
635	19
636	14
637	22
638	35
639	32
640	43
641	49
642	38
643	29
644	56
645	29
646	10
647	33
648	57
649	37
650	34
651	38
652	74
653	75
654	57
655	7
656	111
657	16
658	57
659	16
660	28
661	34
662	34
663	22
664	9
665	19
666	3
667	41
668	36
669	23
670	24
671	67
672	0
673	23
674	18
675	25
676	49
677	9
678	19
679	6
680	24
681	50
682	41
683	103
684	41
685	13
686	32
687	87
688	161
689	17
690	14
691	21
692	27
693	27
694	88
695	89
696	31
697	50
698	10
699	71
700	120
